    5105.5348  0.0056 -6.5972 3    1.1992 30  589991404 1 1 0 0     1 0 1 0
    5690.7499  0.0136 -6.3523 3    0.6252 48  589991404 1 1 0 0     1 0 1 1
    5758.7514  0.0267 -6.7732 3    0.0742 18  589991404 1 1 0 1     1 0 1 1
    6395.9573  0.0503 -6.8807 3    0.0780 12  589991404 1 1 0 1     1 0 1 2
    6763.8037  0.0411 -6.5723 3    3.6240112  589991404 3 3 1 0     3 2 1 1
    7063.8492  0.0099 -6.4121 3    2.3806 30  589991404 2 2 0 0     2 1 1 0
    7523.7526  0.0665 -6.7758 3   25.2176304  589991404 9 6 4 0     9 5 4 1
    7597.6717  0.1919 -6.8659 3   20.1990 68  589991404 8 6 3 1     8 5 3 2
    7783.7375  0.0446 -6.3413 3    8.6273176  589991404 5 4 2 0     5 3 2 1
    8014.8127  0.0544 -6.4476 3   15.8269240  589991404 7 5 3 0     7 4 3 1
    8090.3185  0.0281 -6.8274 3    1.2696 10  589991404 2 2 0 1     2 1 1 1
    8213.4189  0.3162 -6.7610 3   30.8059 84  58999140410 7 4 1    10 6 4 2
    8451.3493  0.4287 -6.8503 3   43.6182100  58999140412 8 5 1    12 7 5 2
    8634.1684  0.0203 -5.9465 3    1.8176 80  589991404 2 2 0 0     2 1 1 1
   10254.6542  0.1360 -6.8137 3   58.8945464  58999140414 9 6 0    14 8 6 1
   10273.8374  0.0889 -6.4365 3    1.2871 20  589991404 2 2 0 1     2 1 1 2
   10519.9035  0.0092 -5.7461 3    3.8118 70  589991404 3 2 1 0     3 1 2 0
   10569.5394  0.0165 -5.8403 3    4.1627 70  589991404 3 3 0 0     3 2 1 0
   10706.4033  0.0523 -6.4090 3    6.0657144  589991404 4 4 1 0     4 3 1 1
   11074.4394  0.0105 -6.2150 3    2.0112 30  589991404 2 1 1 0     2 0 2 0
   11174.5904  0.0105 -5.7829 3    6.1879 54  589991404 4 3 1 0     4 2 2 0
   11178.4977  0.3192 -6.8216 3   25.6550 76  589991404 9 7 3 1     9 6 3 2
   11198.0645  0.0148 -5.5077 3    3.2504112  589991404 3 2 1 0     3 1 2 1
   11299.7123  0.0183 -6.6624 3    0.8926 10  589991404 2 1 1 1     2 0 2 1
   11338.4484  0.0307 -5.9202 3    2.7063 42  589991404 3 2 1 1     3 1 2 1
   11350.8904  0.0095 -5.7682 3    1.4390 80  589991404 2 1 1 0     2 0 2 1
   11699.2584  0.0276 -6.0019 3    3.0845 42  589991404 3 3 0 1     3 2 1 1
   11704.8912  0.1317 -6.3187 3   43.9354400  58999140412 8 5 0    12 7 5 1
   11904.1193  0.0393 -6.3387 3    0.8900 20  589991404 2 1 1 1     2 0 2 2
   12001.3717  0.0534 -5.9575 3   12.2267208  589991404 6 5 2 0     6 4 2 1
   12113.4450  0.0583 -6.0614 3    2.7196 28  589991404 3 2 1 1     3 1 2 2
   12414.2064  0.5074 -6.5172 3   37.4082 92  58999140411 8 4 1    11 7 4 2
   12547.0669  0.1115 -5.9798 3   31.1655336  58999140410 7 4 0    10 6 4 1
   12629.3669  0.0791 -5.8455 3   20.5939272  589991404 8 6 3 0     8 5 3 1
   12683.1135  0.0244 -5.3116 3    5.6427144  589991404 4 3 1 0     4 2 2 1
   12692.4439  0.0376 -6.1953 3    5.1042 18  589991404 4 3 1 1     4 2 2 1
   13053.8118  0.7667 -6.7908 3   85.9632140  5899914041711 7 1    1710 7 2
   13245.1915  0.6700 -6.4107 3   51.3820108  58999140413 9 5 1    13 8 5 2
   13410.2077  0.0233 -5.6015 3    3.6240112  589991404 3 3 0 0     3 2 1 1
   13501.5267  0.0614 -6.4247 3    0.8972 20  589991404 2 2 1 1     2 1 2 2
   13521.9383  0.7651 -6.4985 3   67.5707124  5899914041510 6 1    15 9 6 2
   13544.6530  0.0152 -5.3638 3    9.1457110  589991404 5 4 1 0     5 3 2 0
   14120.5479  0.0433 -6.3669 3   -0.3699 12  589991404 1 1 1 1     0 0 0 2
   14415.4214  0.0853 -5.8400 3    5.1366 36  589991404 4 3 1 1     4 2 2 2
   14623.2391  0.0649 -6.1426 3    2.7515 28  589991404 3 3 1 1     3 2 2 2
   14632.9054  0.0217 -5.7854 3    1.4522 80  589991404 2 2 1 0     2 1 2 1
   14714.6096  0.0093 -5.6809 3    0.1801 48  589991404 1 1 1 0     0 0 0 1
   14926.9367  0.0074 -6.0616 3    0.7530 18  589991404 1 1 1 0     0 0 0 0
   14993.1223  0.2058 -6.5319 3   86.1434560  5899914041711 7 0    1710 7 1
   15023.3959  0.0636 -6.6402 3    9.1722176  589991404 5 5 1 0     5 4 1 1
   15075.7303  0.4921 -7.0762 3   31.7886 84  58999140410 8 3 1    10 7 3 2
   15159.6052  0.0097 -6.5183 3   -0.3668  6  589991404 1 1 1 1     0 0 0 1
   15319.0414  0.0156 -5.9044 3    2.0247 50  589991404 2 2 1 0     2 1 2 0
   15356.6676  0.0393 -5.5155 3    8.1039 66  589991404 5 4 1 1     5 3 2 1
   15681.8621  0.0213 -5.7699 3    6.5607 54  589991404 4 4 0 0     4 3 1 0
   15801.0121  0.1034 -6.0591 3    3.1236 28  589991404 3 3 0 1     3 2 1 2
   15959.8449  0.0121 -5.3765 3   12.1696 78  589991404 6 4 2 0     6 3 3 0
   16158.2561  0.0248 -6.0806 3    0.9121 30  589991404 2 2 1 1     2 1 2 1
   16182.7476  0.0260 -5.5358 3    3.3098112  589991404 3 3 1 0     3 2 2 1
   16334.8384  0.0210 -5.1181 3    8.6273176  589991404 5 4 1 0     5 3 2 1
   16726.0434  0.0147 -5.2341 3    8.5877110  589991404 5 3 2 0     5 2 3 0
   16903.8508  0.0768 -5.9335 3   16.4710240  589991404 7 6 2 0     7 5 2 1
   16911.1534  0.0148 -5.0557 3   16.3167150  589991404 7 5 2 0     7 4 3 0
   16933.1231  0.2239 -6.0186 3   67.8001496  5899914041510 6 0    15 9 6 1
   16968.3033  0.0508 -6.1976 3    5.5276 18  589991404 4 4 0 1     4 3 1 1
   17210.6200  0.0245 -4.9130 3   11.6526208  589991404 6 4 2 0     6 3 3 1
   17232.5021  0.7297 -6.5797 3   44.6670100  58999140412 9 4 1    12 8 4 2
   17268.7012  0.0291 -5.4211 3    7.5279 66  589991404 5 3 2 1     5 2 3 1
   17274.7512  0.0128 -5.0053 3    8.0511176  589991404 5 3 2 0     5 2 3 1
   17493.2230  0.0337 -5.7976 3   11.1369 26  589991404 6 4 2 1     6 3 3 1
   17722.6674  0.0535 -5.9002 3    5.2135 36  589991404 4 4 1 1     4 3 2 2
   17761.9237  0.3848 -7.0715 3  142.4505720  5899914042214 9 0    2213 9 1
   17862.4658  0.0193 -5.3803 3   12.7020 78  589991404 6 5 1 0     6 4 2 0
   17880.1442  0.0174 -5.8159 3    3.8745 42  589991404 3 3 1 0     3 2 2 0
   17946.0946  0.0573 -6.9472 3    0.2914 20  589991404 2 0 2 1     1 1 0 2
   18027.4767  0.1216 -5.6045 3   25.9829304  589991404 9 7 3 0     9 6 3 1
   18113.6096  0.2142 -5.6713 3   51.6529432  58999140413 9 5 0    13 8 5 1
   18268.0043  0.0543 -5.5709 3    7.5447 44  589991404 5 3 2 1     5 2 3 2
   18416.5839  0.0173 -5.5583 3    5.5736 54  589991404 4 2 2 0     4 1 3 0
   18445.2336  0.1746 -5.5280 3   37.7114368  58999140411 8 4 0    11 7 4 1
   18452.0442  0.0347 -6.0166 3    4.4888 18  589991404 4 2 2 1     4 1 3 1
   18680.3857  0.0179 -5.1163 3    5.0196144  589991404 4 2 2 0     4 1 3 1
   18705.0375  0.0140 -6.6655 3    0.8150 80  589991404 2 0 2 0     1 1 0 1
   18784.0359  0.0630 -5.4640 3   11.1768 52  589991404 6 4 2 1     6 3 3 2
   18953.5994  0.9322 -6.2781 3   59.7704116  5899914041410 5 1    14 9 5 2
   19033.7033  0.0102 -6.5262 3    0.1801 48  589991404 1 1 0 0     0 0 0 1
   19035.4971  0.0310 -6.2428 3    2.7916 14  589991404 3 3 1 1     3 2 2 1
   19042.3031  0.0253 -5.3052 3    5.7877144  589991404 4 4 1 0     4 3 2 1
   19099.5546  0.1069 -5.6115 3    8.1540 44  589991404 5 4 1 1     5 3 2 2
   19176.8923  0.0712 -5.2076 3   15.3278 90  589991404 7 5 2 1     7 4 3 1
   19310.4327  0.0321 -4.8073 3   15.8269240  589991404 7 5 2 0     7 4 3 1
   19419.9044  1.0674 -6.5979 3  118.4360164  5899914042013 8 1    2012 8 2
   19430.7620  0.0534 -5.6878 3    4.4885 36  589991404 4 2 2 1     4 1 3 2
   19438.0032  0.0271 -5.2812 3    6.0657144  589991404 4 4 0 0     4 3 1 1
   19587.8522  0.0255 -6.3711 3    1.4522 80  589991404 2 2 0 0     2 1 2 1
   19716.9969  0.0449 -5.7969 3   11.7204 26  589991404 6 5 1 1     6 4 2 1
   19825.2203  0.0512 -6.7206 3   -0.3699 12  589991404 1 1 0 1     0 0 0 2
   20023.0710  1.0716 -6.1722 3   77.1044132  5899914041611 6 1    1610 6 2
   20027.8549  0.0232 -5.1468 3   21.0430102  589991404 8 6 2 0     8 5 3 0
   20075.7991  0.0187 -5.5495 3    3.1421 70  589991404 3 1 2 0     3 0 3 0
   20255.0949  1.1243 -6.2717 3   96.6638148  5899914041812 7 1    1811 7 2
   20259.1660  0.0455 -5.7509 3    2.0306 42  589991404 3 1 2 1     3 0 3 1
   20327.5605  0.0182 -5.3296 3    2.5724112  589991404 3 1 2 0     3 0 3 1
   20841.9931  0.3094 -6.3896 3  118.5338656  5899914042013 8 0    2012 8 1
   20864.5504  0.0449 -5.9053 3    2.0236 28  589991404 3 1 2 1     3 0 3 2
   21109.3486  0.0204 -4.8244 3   25.6686190  589991404 9 6 3 0     9 5 4 0
   21322.1121  0.0183 -5.3796 3    6.3519 90  589991404 4 4 1 0     4 3 2 0
   21460.3212  0.0594 -5.6890 3    4.4976 36  589991404 4 3 2 1     4 2 3 2
   21467.9718  0.0598 -5.5758 3    7.5780 44  589991404 5 4 2 1     5 3 3 2
   21738.7216  0.0189 -5.0782 3   20.3178102  589991404 8 5 3 0     8 4 4 0
   21781.7761  0.0411 -5.9006 3    2.0249 28  589991404 3 2 2 1     3 1 3 2
   21865.4123  0.0242 -5.3076 3    9.5975110  589991404 5 5 0 0     5 4 1 0
   21886.0724  0.0201 -5.7241 3    3.1444 42  589991404 3 2 2 0     3 1 3 0
   21921.3835  0.1196 -6.2316 3   21.3914272  589991404 8 7 2 0     8 6 2 1
   21962.6080  0.1346 -6.8495 3    0.8972 20  589991404 2 2 0 1     2 1 2 2
   21985.5788  0.0259 -4.9112 3   12.2267208  589991404 6 5 1 0     6 4 2 1
   21991.5758  0.1034 -5.3339 3   15.3863 60  589991404 7 5 2 1     7 4 3 2
   22034.9811  0.0142 -5.2906 3    2.5748112  589991404 3 2 2 0     3 1 3 1
   22050.4465  0.1057 -5.7548 3    5.6175 36  589991404 4 4 0 1     4 3 1 2
   22229.5288  0.9334 -6.8941 3   52.6126108  5899914041310 4 1    13 9 4 2
   22481.8617  0.0869 -5.5554 3   20.1214 34  589991404 8 6 2 1     8 5 3 1
   22549.5366  0.0207 -5.0511 3    5.0355144  589991404 4 3 2 0     4 2 3 1
   22584.5985  0.0233 -4.6263 3   19.8406272  589991404 8 5 3 0     8 4 4 1
   22598.6477  0.0183 -6.1102 3    0.1388 10  589991404 2 0 2 1     1 1 1 1
   22691.3961  0.0329 -4.9810 3   31.5798126  58999140410 7 3 0    10 6 4 0
   22703.9913  0.0341 -6.1603 3    2.0342 14  589991404 3 2 2 1     3 1 3 1
   22780.7851  0.0444 -5.5154 3   19.3615 34  589991404 8 5 3 1     8 4 4 1
   22792.4428  0.0111 -5.6111 3    1.2509 30  589991404 2 0 2 0     1 1 1 0
   22810.9898  0.0430 -5.5488 3    5.3111 54  589991404 4 4 1 1     4 3 2 1
   22829.1516  0.0376 -5.9264 3    3.3098112  589991404 3 3 0 0     3 2 2 1
   22859.6864  0.0780 -5.6776 3    8.2941 44  589991404 5 5 1 1     5 4 2 2
   22865.5077  0.0188 -5.2301 3    5.5892 90  589991404 4 3 2 0     4 2 3 0
   22942.4773  0.0506 -4.5828 3   25.2176304  589991404 9 6 3 0     9 5 4 1
   23024.1312  0.0137 -5.1983 3    0.6710 80  589991404 2 0 2 0     1 1 1 1
   23024.2868  0.0474 -5.4501 3   11.2594 52  589991404 6 5 2 1     6 4 3 2
   23317.3219  0.3442 -5.8426 3   96.8082592  5899914041812 7 0    1811 7 1
   23337.8071  0.0279 -4.9425 3    8.1085176  589991404 5 4 2 0     5 3 3 1
   23346.5018  0.1286 -4.9862 3   24.7541114  589991404 9 6 3 1     9 5 4 1
   23552.3307  0.0605 -5.4819 3    8.6161 66  589991404 5 5 0 1     5 4 1 1
   23574.4968  0.0384 -5.0769 3    8.8870176  589991404 5 5 1 0     5 4 2 1
   23650.7669  0.0381 -5.7904 3    0.1011 20  589991404 2 0 2 1     1 1 1 2
   23818.2790  0.0223 -4.8760 3   15.5222150  589991404 7 4 3 0     7 3 4 0
   23846.1278  0.0419 -5.0790 3   14.5324 90  589991404 7 4 3 1     7 3 4 1
   23850.5700  0.0261 -4.9652 3   16.8808150  589991404 7 6 1 0     7 5 2 0
   23901.6141  0.1863 -5.6727 3   32.0297336  58999140410 8 3 0    10 7 3 1
   23904.7411  0.0599 -5.1925 3   19.4016 68  589991404 8 5 3 1     8 4 4 2
   23908.5384  0.0388 -4.6820 3   20.5939272  589991404 8 6 2 0     8 5 3 1
   23931.1954  0.0315 -5.4075 3    4.5129 54  589991404 4 3 2 1     4 2 3 1
   24132.4151  0.0202 -4.6564 3   15.0219240  589991404 7 4 3 0     7 3 4 1
   24557.4005  0.0222 -5.6422 3    0.0780 20  589991404 2 1 2 1     1 0 1 2
   24612.6929  0.0171 -5.2812 3    8.6450 66  589991404 5 4 2 0     5 3 3 0
   24748.7546  0.0119 -5.2283 3    1.1992 50  589991404 2 1 2 0     1 0 1 0
   24792.9939  0.0103 -5.0266 3    0.6252 80  589991404 2 1 2 0     1 0 1 1
   24855.0098  0.3610 -5.4768 3   77.2856528  5899914041611 6 0    1610 6 1
   24955.4009  0.0283 -4.8466 3   11.7946208  589991404 6 5 2 0     6 4 3 1
   25072.2137  0.2607 -5.3844 3   44.8900400  58999140412 9 4 0    12 8 4 1
   25107.0600  0.0633 -5.2290 3   14.5488 60  589991404 7 4 3 1     7 3 4 2
   25118.6956  0.0144 -5.4371 3    0.0742 30  589991404 2 1 2 1     1 0 1 1
   25124.3940  1.1864 -6.4151 3   68.8287124  5899914041511 5 1    1510 5 2
   25156.7249  0.1229 -5.1340 3   24.8159 76  589991404 9 6 3 1     9 5 4 2
   25320.9148  0.0408 -4.7779 3   26.3727190  589991404 9 7 2 0     9 6 3 0
   25328.2063  0.1223 -5.3816 3   11.8033 52  589991404 6 5 1 1     6 4 2 2
   25402.3993  0.3259 -5.3235 3   59.9768464  5899914041410 5 0    14 9 5 1
   25549.4945  0.1849 -5.3895 3   30.7306 42  58999140410 7 3 1    10 6 4 1
   25550.9766  0.0218 -5.4299 3    9.4660 66  589991404 5 5 1 0     5 4 2 0
   25781.3385  0.0367 -5.0182 3    9.1722176  589991404 5 5 0 0     5 4 1 1
   25905.8578  0.0720 -4.5155 3   31.1655336  58999140410 7 3 0    10 6 4 1
   25919.1570  0.0475 -5.1360 3   15.9675 90  589991404 7 6 1 1     7 5 2 1
   26000.6504  0.0318 -5.7104 3    7.6122 22  589991404 5 4 2 1     5 3 3 1
   26117.2017  0.0551 -5.6012 3   10.2658 26  589991404 6 3 3 1     6 2 4 1
   26214.6304  0.0335 -7.1078 3    8.6273208  589991404 6 2 5 0     5 3 2 1
   26244.1338  0.0412 -4.8525 3   44.3047150  58999140412 8 4 0    12 7 5 0
   26284.5689  0.0241 -5.1349 3   11.2928 78  589991404 6 3 3 0     6 2 4 0
   26401.3225  0.0329 -4.6415 3   37.1925230  58999140411 7 4 0    11 6 5 0
   26485.9491  0.0246 -4.6967 3   10.7692208  589991404 6 3 3 0     6 2 4 1
   26789.8540  0.1800 -6.7605 3   26.9992304  589991404 9 8 2 0     9 7 2 1
   26794.9812  0.0601 -4.6609 3   38.0732230  58999140411 8 3 0    11 7 4 0
   26957.1028  0.1997 -6.6026 3    2.7515 28  589991404 3 3 0 1     3 2 2 2
   26959.6907  0.0872 -5.2987 3   15.5425 60  589991404 7 6 2 1     7 5 3 2
   27199.5761  1.4492 -6.5492 3  156.0389188  5899914042315 9 1    2314 9 2
   27249.6214  0.0163 -4.9238 3   12.3175130  589991404 6 5 2 0     6 4 3 0
   27283.8393  0.0661 -5.2711 3   10.2667 52  589991404 6 3 3 1     6 2 4 2
   27372.8233  1.3888 -6.1157 3   87.2764140  5899914041712 6 1    1711 6 2
   27394.3005  0.0567 -5.8535 3    8.4795 22  589991404 5 5 1 1     5 4 2 1
   27576.4613  0.0641 -4.4115 3   36.7915368  58999140411 7 4 0    11 6 5 1
   27644.2053  0.1518 -5.1752 3   20.1990 68  589991404 8 6 2 1     8 5 3 2
   27773.9029  0.0490 -5.8480 3    5.7877144  589991404 4 4 0 0     4 3 2 1
   27829.6965  0.6435 -6.3872 3  156.0626752  5899914042315 9 0    2314 9 1
   27836.5244  0.0855 -4.9425 3   25.5328114  589991404 9 7 2 1     9 6 3 1
   28051.1250  0.1866 -4.8197 3   36.3760138  58999140411 7 4 1    11 6 5 1
   28199.4708  0.0395 -4.7070 3   16.0942240  589991404 7 6 2 0     7 5 3 1
   28222.3604  0.0242 -5.0059 3    7.6464110  589991404 5 2 3 0     5 1 4 0
   28304.1300  0.1175 -5.5361 3    8.7911 44  589991404 5 5 0 1     5 4 1 2
   28358.3950  0.0362 -5.3379 3   13.2978 78  589991404 6 6 0 0     6 5 1 0
   28454.2208  0.0618 -5.2081 3    6.5787 66  589991404 5 2 3 1     5 1 4 1
   28518.2191  0.0224 -4.7866 3    7.0998176  589991404 5 2 3 0     5 1 4 1
   28565.4806  0.0318 -4.8493 3   30.6269126  58999140410 6 4 0    10 5 5 0
   28618.5205  0.1150 -4.3916 3   43.9354400  58999140412 8 4 0    12 7 5 1
   28627.6903  1.5143 -6.0197 3  107.9654156  5899914041913 7 1    1912 7 2
   28656.1844  1.5238 -6.1515 3  130.8911172  5899914042114 8 1    2113 8 2
   28686.8065  0.0406 -4.6947 3   16.4710240  589991404 7 6 1 0     7 5 2 1
   28756.2270  0.0709 -4.5825 3   51.9776270  58999140413 9 4 0    13 8 5 0
   28803.6332  0.0612 -5.3050 3   29.7698 42  58999140410 6 4 1    10 5 5 1
   28859.8992  0.0769 -5.2013 3   14.5798 60  589991404 7 5 3 1     7 4 4 2
   28907.0248  0.0343 -6.6067 3    4.0713144  589991404 4 2 3 0     3 3 0 1
   28947.8025  0.0286 -4.4085 3   30.1999336  58999140410 6 4 0    10 5 5 1
   28987.8945  0.0398 -5.0951 3   11.3390 78  589991404 6 5 2 1     6 4 3 1
   29072.4810  0.3307 -5.2695 3   43.5453 50  58999140412 8 4 1    12 7 5 1
   29081.2890  0.1229 -5.4883 3   12.0274 52  589991404 6 6 1 1     6 5 2 2
   29097.3320  0.0822 -5.1554 3   19.4819 68  589991404 8 6 3 1     8 5 4 2
   29129.5515  0.0585 -5.3643 3    6.5730 44  589991404 5 2 3 1     5 1 4 2
   29178.0649  0.1529 -4.9802 3   36.4349 92  58999140411 7 4 1    11 6 5 2
   29198.3128  0.0526 -7.1095 3   19.8406304  589991404 9 3 7 0     8 4 4 1
   29285.8579  0.0586 -4.8897 3   12.6270208  589991404 6 6 1 0     6 5 2 1
   29311.4124  0.0263 -5.4565 3    4.5959 54  589991404 4 1 3 0     4 0 4 0
   29461.0015  0.2207 -5.0414 3   30.8059 84  58999140410 7 3 1    10 6 4 2
   29489.8710  0.0643 -5.2465 3   10.2757 52  589991404 6 4 3 1     6 3 4 2
   29650.0340  0.2620 -6.0198 3   38.7639368  58999140411 9 3 0    11 8 3 1
   29710.3853  0.0199 -5.0122 3    4.0285144  589991404 4 1 3 0     4 0 4 1
   29757.9332  0.1544 -4.8203 3   37.3117138  58999140411 8 3 1    11 7 4 1
   29769.4080  0.0266 -5.2239 3    4.5962 90  589991404 4 2 3 0     4 1 4 0
   29852.5009  0.0232 -5.1908 3    7.6492 66  589991404 5 3 3 0     5 2 4 0
   29962.4492  0.0571 -5.9020 3    3.4893 18  589991404 4 1 3 1     4 0 4 1
   29995.2670  0.0908 -4.9849 3   29.8053 84  58999140410 6 4 1    10 5 5 2
   30073.0693  0.0521 -5.3507 3    6.5749 44  589991404 5 3 3 1     5 2 4 2
   30145.6444  0.0171 -4.7514 3    7.1029176  589991404 5 3 3 0     5 2 4 1
   30177.7916  0.0180 -5.0017 3    4.0289144  589991404 4 2 3 0     4 1 4 1
   30187.6102  0.0524 -5.5937 3    3.4816 36  589991404 4 1 3 1     4 0 4 2
   30300.5362  0.0207 -4.6237 3   10.7839208  589991404 6 4 3 0     6 3 4 1
   30305.2076  0.0202 -4.8269 3   11.3066130  589991404 6 4 3 0     6 3 4 0
   30399.2615  0.0352 -5.0662 3   13.2264130  589991404 6 6 1 0     6 5 2 0
   30454.5054  0.0493 -5.5897 3    3.4818 36  589991404 4 2 3 1     4 1 4 2
   30469.2102  0.0600 -4.5303 3   25.9829304  589991404 9 7 2 0     9 6 3 1
   30543.6961  0.0654 -5.7636 3   12.3781 26  589991404 6 6 0 1     6 5 1 1
   30570.8958  0.0504 -7.1051 3   35.4924400  58999140412 3 9 0    11 6 6 1
   30668.5983  0.0483 -5.4075 3    3.4899 54  589991404 4 2 3 1     4 1 4 1
   30676.1427  0.0322 -4.5586 3   15.0710240  589991404 7 5 3 0     7 4 4 1
   30723.1729  0.0459 -5.0187 3   21.7110102  589991404 8 7 1 0     8 6 2 0
   30786.9774  0.0232 -5.0285 3   16.6154 90  589991404 7 6 2 0     7 5 3 0
   30834.6486  0.0417 -5.6288 3    6.5837 22  589991404 5 3 3 1     5 2 4 1
   30885.4363  0.0263 -6.0374 3    5.0355144  589991404 4 3 1 0     4 2 3 1
   30906.1590  0.5572 -5.7790 3  130.9574688  5899914042114 8 0    2113 8 1
   30939.3312  0.0599 -4.7498 3   59.2086174  58999140414 9 5 0    14 8 6 0
   31094.5319  0.0279 -6.5993 3    6.0657176  589991404 5 2 4 0     4 3 1 1
   31121.1605  0.0311 -6.6842 3    3.4748 54  589991404 4 2 3 1     3 3 0 1
   31167.0705  0.0708 -4.8261 3   23.7144114  589991404 9 5 4 1     9 4 5 1
   31296.6367  1.3836 -6.7692 3   78.5814132  5899914041612 5 1    1611 5 2
   31358.2343  0.0598 -7.0383 3    8.6273176  589991404 5 5 1 0     5 3 2 1
   31363.4992  0.0250 -7.0895 3    5.0196144  589991404 4 3 1 0     4 1 3 1
   31377.6916  0.0183 -4.9465 3   15.5687 90  589991404 7 5 3 0     7 4 4 0
   31414.7090  0.0485 -6.9890 3   16.0942272  589991404 8 2 6 0     7 5 3 1
   31442.4700  0.3055 -4.9450 3   43.6182100  58999140412 8 4 1    12 7 5 2
   31453.9250  0.0222 -6.8457 3    2.5748112  589991404 3 2 1 0     3 1 3 1
   31469.0074  0.1057 -5.0711 3   24.9782 76  589991404 9 7 3 1     9 6 4 2
   31471.7640  0.0538 -7.0777 3   35.4624400  58999140412 4 9 0    11 5 6 1
   31476.9304  0.0459 -4.5279 3   19.9653272  589991404 8 6 3 0     8 5 4 1
   31490.2006  0.0354 -5.0075 3   10.2886 78  589991404 6 4 3 1     6 3 4 1
   31553.4845  0.0976 -4.4247 3   37.7114368  58999140411 8 3 0    11 7 4 1
   31593.2502  0.0739 -4.5272 3   68.0781310  5899914041510 5 0    15 9 6 0
   31637.4226  0.0313 -4.6104 3   24.6133190  589991404 9 5 4 0     9 4 5 0
   31662.9699  0.1282 -5.9140 3    0.2914 20  589991404 2 2 1 1     1 1 0 2
   31721.3702  0.0310 -4.3974 3   24.1595304  589991404 9 5 4 0     9 4 5 1
   31888.9080  0.0319 -5.5367 3    8.1085176  589991404 5 4 1 0     5 3 3 1
   31906.6419  0.3601 -5.5196 3   52.7409432  5899914041310 4 0    13 9 4 1
   31907.8292  0.0559 -4.8361 3   12.9601208  589991404 6 6 0 0     6 5 1 1
   31955.6008  0.1395 -5.1870 3   16.1198 60  589991404 7 6 1 1     7 5 2 2
   32018.7245  0.2906 -4.7417 3   51.3020162  58999140413 9 4 1    13 8 5 1
   32196.9501  0.0235 -6.4347 3    4.5152 90  589991404 4 2 3 0     3 3 0 0
   32202.0624  0.0694 -4.8568 3   32.3367126  58999140410 8 2 0    10 7 3 0
   32444.2536  0.1508 -4.2989 3   58.8945464  58999140414 9 5 0    14 8 6 1
   32592.1316  0.0896 -4.9754 3   23.7287 76  589991404 9 5 4 1     9 4 5 2
   32616.7789  0.0712 -5.2349 3   12.3059 78  589991404 6 6 1 1     6 5 2 1
   32619.6047  0.1466 -4.3470 3   51.6529432  58999140413 9 4 0    13 8 5 1
   32634.8744  0.0318 -6.9590 3    6.5607 66  589991404 5 2 4 0     4 3 1 0
   32671.2522  0.1015 -6.2096 3    1.6298 28  589991404 3 1 2 1     2 2 0 2
   32797.0417  0.1419 -5.1475 3   20.4524 68  589991404 8 7 2 1     8 6 3 2
   32843.5194  0.5761 -5.3745 3  108.0624624  5899914041913 7 0    1912 7 1
   32854.7867  0.0600 -4.4966 3   50.8816270  58999140413 8 5 0    13 7 6 0
   32868.0617  0.0306 -5.3794 3   14.6058 30  589991404 7 5 3 1     7 4 4 1
   32883.7568  0.0519 -5.4541 3   15.7022 30  589991404 7 6 2 1     7 5 3 1
   32937.8669  0.0984 -6.9731 3    2.0249 28  589991404 3 2 1 1     3 1 3 2
   33152.9867  0.0996 -4.7697 3   45.1801150  58999140412 9 3 0    12 8 4 0
   33185.6701  0.4721 -5.1817 3   58.5592 58  58999140414 9 5 1    14 8 6 1
   33200.5550  0.0639 -4.5543 3   21.0152272  589991404 8 7 2 0     8 6 3 1
   33220.1912  0.0714 -5.4454 3   20.8713 34  589991404 8 7 1 1     8 6 2 1
   33264.3269  0.4581 -5.2495 3   68.9472496  5899914041511 5 0    1510 5 1
   33276.6063  0.0209 -4.6394 3   20.4394170  589991404 8 6 3 0     8 5 4 0
   33359.2783  0.0669 -4.2782 3   50.5401432  58999140413 8 5 0    13 7 6 1
   33446.2014  0.0555 -4.4739 3   25.4686304  589991404 9 7 3 0     9 6 4 1
   33497.8148  0.0161 -4.7763 3    2.0247 70  589991404 3 0 3 0     2 1 2 0
   33516.6928  0.2055 -4.6938 3   50.1840162  58999140413 8 5 1    13 7 6 1
   33532.0806  0.0162 -4.9964 3    0.9121 42  589991404 3 0 3 1     2 1 2 1
   33573.1321  0.1349 -6.3467 3    4.4976 36  589991404 4 3 1 1     4 2 3 2
   33581.9627  0.0112 -4.5700 3    1.4522112  589991404 3 0 3 0     2 1 2 1
   33592.5026  0.5398 -5.2013 3   87.3891560  5899914041712 6 0    1711 6 1
   33735.1494  0.0294 -5.0199 3    0.8150 80  589991404 2 2 1 0     1 1 0 1
   33769.3098  0.0173 -5.1658 3    0.8972 28  589991404 3 0 3 1     2 1 2 2
   33898.3600  0.0302 -6.8243 3    0.1388 10  589991404 2 1 1 1     1 1 1 1
   33974.1349  0.0165 -4.9796 3    2.0112 42  589991404 3 1 3 0     2 0 2 0
   34024.7870  0.0156 -5.1502 3    0.8900 28  589991404 3 1 3 1     2 0 2 2
   34032.2728  0.1216 -4.7267 3   60.2406174  5899914041410 4 0    14 9 5 0
   34050.8692  0.0112 -4.5507 3    1.4390112  589991404 3 1 3 0     2 0 2 1
   34163.2573  0.2576 -6.7005 3    5.2135 36  589991404 4 4 0 1     4 3 2 2
   34221.1532  0.0796 -5.3045 3   18.2200 34  589991404 8 4 4 1     8 3 5 1
   34224.5234  0.0165 -5.4488 3    0.8926 14  589991404 3 1 3 1     2 0 2 1
   34295.1926  0.3448 -4.8715 3   58.6265116  58999140414 9 5 1    14 8 6 2
   34321.6710  0.0268 -5.7011 3    2.1056112  589991404 3 1 2 0     2 2 0 1
   34332.4394  0.0594 -6.0890 3    8.8870176  589991404 5 5 0 0     5 4 2 1
   34375.0215  0.0211 -6.3711 3    0.6710 80  589991404 2 1 1 0     1 1 1 1
   34388.2301  0.2115 -4.2932 3   67.8001496  5899914041510 5 0    15 9 6 1
   34390.3349  0.1644 -4.8592 3   50.2349108  58999140413 8 5 1    13 7 6 2
   34410.4619  0.1382 -5.3800 3   12.6482 52  589991404 6 6 0 1     6 5 1 2
   34475.0036  0.0302 -4.8352 3   19.1679102  589991404 8 4 4 0     8 3 5 0
   34521.4176  0.1826 -5.0100 3   25.6550 76  589991404 9 7 2 1     9 6 3 2
   34630.0229  0.0290 -4.3991 3   18.6855272  589991404 8 4 4 0     8 3 5 1
   34687.4234  0.0600 -4.9704 3   17.6764150  589991404 7 7 0 0     7 6 1 0
   34813.9912  0.5383 -4.6929 3   67.5004186  5899914041510 5 1    15 9 6 1
   34816.5233  0.0562 -7.0509 3   55.4328496  58999140415 411 0    14 7 8 1
   34936.3618  1.7208 -6.2996 3   98.1308148  5899914041813 6 1    1812 6 2
   34939.6080  0.0415 -5.3250 3   11.7946208  589991404 6 5 1 0     6 4 3 1
   34962.2611  0.0178 -4.9303 3    1.3695 50  589991404 2 2 1 0     1 1 0 0
   34978.7008  0.0569 -7.0466 3   55.4274496  58999140415 511 0    14 6 8 1
   34995.7802  0.1715 -5.2832 3   31.5828 42  58999140410 8 2 1    10 7 3 1
   35021.3947  0.0479 -6.9464 3   12.6270240  589991404 7 2 5 0     6 5 2 1
   35125.2202  0.0421 -4.7039 3   21.5493170  589991404 8 7 2 0     8 6 3 0
   35125.2570  0.0376 -4.8146 3   19.5404102  589991404 8 6 3 1     8 5 4 1
   35166.3546  0.3383 -6.5571 3   46.1903400  5899914041210 3 0    12 9 3 1
   35306.1097  0.1276 -4.7114 3   77.5135198  5899914041611 5 0    1610 6 0
   35376.7643  0.0813 -4.9777 3   18.2216 68  589991404 8 4 4 1     8 3 5 2
   35384.7061  0.0822 -4.7474 3   17.0348240  589991404 7 7 1 0     7 6 2 1
   35385.7597  0.0591 -4.5149 3   21.3914272  589991404 8 7 1 0     8 6 2 1
   35518.2003  0.0321 -5.1385 3    0.2663 30  589991404 2 2 1 1     1 1 0 1
   35537.0736  0.1681 -5.3409 3   16.4417 60  589991404 7 7 1 1     7 6 2 2
   35553.4288  0.0346 -6.4941 3    3.8496144  589991404 4 2 3 0     3 3 1 1
   35573.5724  0.0982 -4.4879 3   86.3655350  5899914041711 6 0    1710 7 0
   35673.8052  0.0588 -5.1708 3   17.6423 90  589991404 7 7 1 0     7 6 2 0
   35709.9273  0.0980 -5.1448 3   42.3542 50  58999140412 7 5 1    12 6 6 1
   35746.6778  0.0126 -6.7474 3    0.6252 80  589991404 2 1 1 0     1 0 1 1
   35901.3199  1.5376 -6.5573 3  198.7277848  589991404261710 0    261610 1
   36040.0061  0.1678 -4.9311 3   29.8777 84  58999140410 7 4 1    10 6 5 2
   36052.6226  0.2824 -4.9194 3   37.4082 92  58999140411 8 3 1    11 7 4 2
   36093.0023  2.2700 -6.6816 3  198.7688212  589991404261710 1    261610 2
   36100.7916  0.0291 -7.0145 3    2.1056112  589991404 3 2 2 0     2 2 0 1
   36110.7910  0.0327 -4.7845 3   25.9260114  589991404 9 7 3 0     9 6 4 0
   36214.2835  0.0730 -6.7027 3   15.8269240  589991404 7 6 2 0     7 4 3 1
   36227.8830  0.2996 -5.1944 3   44.5151 50  58999140412 9 3 1    12 8 4 1
   36246.1711  0.0363 -6.7226 3    0.0780 20  589991404 2 1 1 1     1 0 1 2
   36254.1610  0.0434 -4.2407 3   42.7261400  58999140412 7 5 0    12 6 6 1
   36283.1582  0.0533 -4.6729 3   43.0944150  58999140412 7 5 0    12 6 6 0
   36323.3129  0.1590 -4.9601 3   31.0798 84  58999140410 8 3 1    10 7 4 2
   36368.5519  0.1690 -6.0658 3    7.5780 44  589991404 5 4 1 1     5 3 3 2
   36439.2877  0.0285 -4.6588 3   14.3068150  589991404 7 3 4 0     7 2 5 0
   36646.5277  0.1266 -4.9299 3   23.7558 76  589991404 9 6 4 1     9 5 5 2
   36774.1982  0.0247 -4.4402 3   13.7952240  589991404 7 3 4 0     7 2 5 1
   36775.4098  0.0765 -4.8602 3   13.3057 90  589991404 7 3 4 1     7 2 5 1
   36873.2270  0.1060 -4.6698 3   76.2835198  5899914041610 6 0    16 9 7 0
   36887.0493  0.1737 -4.9081 3   36.5919 92  58999140411 8 4 1    11 7 5 2
   36891.3550  0.4455 -4.8746 3   51.3820108  58999140413 9 4 1    13 8 5 2
   37029.4534  0.1309 -4.8240 3   42.3831100  58999140412 7 5 1    12 6 6 2
   37260.4050  0.0723 -4.3734 3   31.5841336  58999140410 8 3 0    10 7 4 1
   37312.9548  0.0834 -5.1394 3   16.8320 90  589991404 7 7 0 1     7 6 1 1
   37345.3714  0.2773 -4.2611 3   86.1434560  5899914041711 6 0    1710 7 1
   37349.6724  0.3789 -5.1497 3   59.6662 58  5899914041410 4 1    14 9 5 1
   37367.6423  0.0418 -5.6156 3    0.1011 20  589991404 2 2 1 1     1 1 1 2
   37375.6164  0.1330 -4.7136 3   96.9909222  5899914041812 6 0    1811 7 0
   37393.7358  0.0706 -5.0210 3   13.3015 60  589991404 7 3 4 1     7 2 5 2
   37536.8017  0.0868 -4.9473 3   18.2298 68  589991404 8 5 4 1     8 4 5 2
   37537.9175  0.0294 -4.9924 3   10.0407 78  589991404 6 2 4 0     6 1 5 0
   37551.9779  0.1600 -4.2300 3   76.0330528  5899914041610 6 0    16 9 7 1
   37584.7520  0.0647 -4.8745 3   20.7121102  589991404 8 7 2 1     8 6 3 1
   37632.9906  0.0417 -5.3793 3    1.4510 42  589991404 3 1 2 1     2 2 1 1
   37649.8692  1.9893 -6.0060 3  119.9192164  5899914042014 7 1    2013 7 2
   37668.6215  0.0744 -4.6620 3   27.2173190  589991404 9 8 1 0     9 7 2 0
   37712.5198  0.6104 -4.8512 3   67.5707124  5899914041510 5 1    15 9 6 2
   37724.0522  0.0955 -6.9781 3    3.2393 36  589991404 4 2 3 1     3 3 1 2
   37752.7178  0.0252 -4.8553 3   14.3094 90  589991404 7 4 4 0     7 3 5 0
   37763.0168  0.0775 -4.3676 3   32.0297336  58999140410 8 2 0    10 7 3 1
   37789.7820  0.0235 -4.5512 3   19.1788170  589991404 8 5 4 0     8 4 5 0
   37847.3181  0.0795 -4.7079 3   17.4279240  589991404 7 7 0 0     7 6 1 1
   37936.9856  0.0288 -4.7628 3   10.0412130  589991404 6 3 4 0     6 2 5 0
   37952.9859  0.0482 -6.7909 3   30.3019368  58999140411 3 8 0    10 6 5 1
   37999.6588  0.0226 -4.3386 3   18.6977272  589991404 8 5 4 0     8 4 5 1
   38011.2624  0.0227 -4.5488 3    9.5012208  589991404 6 2 4 0     6 1 5 1
   38054.2431  0.0183 -5.1836 3    0.6710 80  589991404 2 2 1 0     1 1 1 1
   38069.8912  0.0371 -4.2969 3   24.1987304  589991404 9 6 4 0     9 5 5 1
   38075.3431  0.0337 -5.0147 3    6.3763110  589991404 5 1 4 0     5 0 5 0
   38081.2799  0.5353 -5.1196 3   75.7621 66  5899914041610 6 1    16 9 7 1
   38155.6061  0.0196 -4.4141 3   13.7982240  589991404 7 4 4 0     7 3 5 1
   38160.5681  0.0338 -5.2349 3    6.3763 66  589991404 5 2 4 0     5 1 5 0
   38254.5726  0.0190 -5.0955 3    2.5357 70  589991404 3 1 2 0     2 2 1 0
   38265.8651  0.0686 -5.0076 3   13.3034 60  589991404 7 4 4 1     7 3 5 2
   38269.2418  0.0919 -5.5955 3   16.7991 30  589991404 7 7 1 1     7 6 2 1
   38273.7439  0.8183 -4.6661 3   85.9006210  5899914041711 6 1    1710 7 1
   38289.4287  0.0370 -6.8851 3    2.5724112  589991404 3 3 1 0     3 0 3 1
   38294.1510  0.0250 -4.7132 3   24.6487114  589991404 9 6 4 0     9 5 5 0
   38329.0045  0.0566 -5.2137 3   25.1006 38  589991404 9 7 3 1     9 6 4 1
   38333.6757  0.0686 -5.4384 3    8.9871 26  589991404 6 2 4 1     6 1 5 1
   38376.7349  0.1594 -5.0453 3   21.1211 68  589991404 8 7 1 1     8 6 2 2
   38392.1061  0.4564 -5.9020 3   61.2895464  5899914041411 4 0    1410 4 1
   38437.7991  0.0208 -4.5406 3    9.5018208  589991404 6 3 4 0     6 2 5 1
   38439.8284  0.0663 -4.2870 3   30.3019336  58999140410 7 4 0    10 6 5 1
   38476.1873  0.0706 -7.0253 3   30.7210230  58999140411 3 8 0    10 6 5 0
   38519.2974  0.3040 -4.8159 3   75.8196132  5899914041610 6 1    16 9 7 2
   38519.9271  2.0354 -6.1374 3  170.2493196  5899914042416 9 1    2415 9 2
   38560.2881  0.0655 -5.1314 3    8.9805 52  589991404 6 2 4 1     6 1 5 2
   38631.7155  0.0234 -4.7912 3    5.8112176  589991404 5 1 4 0     5 0 5 1
   38690.0962  0.0184 -4.9922 3    0.8150 80  589991404 2 2 0 0     1 1 0 1
   38723.5378  0.0230 -4.7894 3    5.8113176  589991404 5 2 4 0     5 1 5 1
   38756.1744  0.4302 -5.1350 3   77.0323 66  5899914041611 5 1    1610 6 1
   38822.1082  0.0641 -5.1274 3    8.9808 52  589991404 6 3 4 1     6 2 5 2
   38833.0853  0.0471 -5.2960 3   13.3105 30  589991404 7 4 4 1     7 3 5 1
   38858.7773  0.0632 -7.0505 3   79.7642592  58999140418 513 0    17 810 1
   38884.7884  0.0632 -7.0498 3   79.7634592  58999140418 613 0    17 710 1
   38908.9983  0.0768 -6.7791 3    8.1039 66  589991404 5 5 0 1     5 3 2 1
   38940.9625  2.1023 -5.9360 3  143.9602180  5899914042215 8 1    2214 8 2
   38982.9799  0.1286 -4.3053 3   44.8900400  58999140412 9 3 0    12 8 4 1
   38991.7816  0.0556 -4.9480 3    8.9879 78  589991404 6 3 4 1     6 2 5 1
   39010.6692  0.0405 -4.7357 3   18.2392102  589991404 8 5 4 1     8 4 5 1
   39113.4132  0.0667 -5.2000 3    5.2741 66  589991404 5 1 4 1     5 0 5 1
   39149.3068  0.1171 -4.6342 3   35.0701138  58999140411 6 5 1    11 5 6 1
   39173.8008  0.0647 -5.3743 3    5.2663 44  589991404 5 1 4 1     5 0 5 2
   39228.4348  0.0643 -5.3735 3    5.2663 44  589991404 5 2 4 1     5 1 5 2
   39231.5875  0.0879 -4.4281 3   26.5842304  589991404 9 8 2 0     9 7 3 1
   39258.6424  0.0634 -5.6742 3    5.2741 22  589991404 5 2 4 1     5 1 5 1
   39276.6178  0.0355 -4.9714 3    1.9403112  589991404 3 1 2 0     2 2 1 1
   39354.1166  0.1966 -4.2790 3   59.9768464  5899914041410 4 0    14 9 5 1
   39369.2550  0.6754 -4.8391 3   85.9632140  5899914041711 6 1    1710 7 2
   39393.0378  0.1847 -5.0197 3   26.0279 76  589991404 9 8 2 1     9 7 3 2
   39425.8993  0.0290 -6.6761 3    0.6252 80  589991404 2 2 1 0     1 0 1 1
   39445.4162  0.0442 -6.6244 3   15.8269272  589991404 8 3 6 0     7 4 3 1
   39456.0399  0.1054 -6.7759 3    4.4885 36  589991404 4 4 1 1     4 1 3 2
   39480.4377  0.0917 -4.2884 3   37.0097368  58999140411 8 4 0    11 7 5 1
   39516.7824  0.0316 -4.4420 3   30.7210210  58999140410 7 4 0    10 6 5 0
   39548.6200  0.2662 -4.2653 3   77.2856528  5899914041611 5 0    1610 6 1
   39653.0893  1.0494 -5.8364 3  170.2470784  5899914042416 9 0    2415 9 1
   39698.3654  0.1023 -4.5110 3   38.9669230  58999140411 9 2 0    11 8 3 0
   39752.2077  0.0573 -6.8653 3   16.3167170  589991404 8 3 6 0     7 4 3 0
   39776.8881  0.0375 -5.1510 3   23.7738 38  589991404 9 6 4 1     9 5 5 1
   39847.6747  0.0413 -4.2025 3   35.4624368  58999140411 6 5 0    11 5 6 1
   39867.2195  0.0546 -4.4923 3   32.0391210  58999140410 8 3 0    10 7 4 0
   39918.3652  0.0433 -4.4117 3   35.8610230  58999140411 6 5 0    11 5 6 0
   39943.2658  0.2003 -4.6002 3   66.1680186  58999140415 9 6 1    15 8 7 1
   39982.4265  0.0651 -5.3755 3   16.0942240  589991404 7 6 1 0     7 5 3 1
   40066.1451  0.0961 -7.0183 3   15.3278102  589991404 8 3 6 1     7 4 3 1
   40088.3941  0.0689 -4.8370 3   27.1305114  589991404 9 8 2 0     9 7 3 0
   40124.0512  0.0684 -5.3826 3    0.2914 20  589991404 2 2 0 1     1 1 0 2
   40223.6228  0.1825 -4.8440 3   43.9001100  58999140412 9 4 1    12 8 5 2
   40273.1971  0.0702 -4.1764 3   66.4567496  58999140415 9 6 0    15 8 7 1
   40347.6745  0.1024 -4.3854 3   66.7322310  58999140415 9 6 0    15 8 7 0
   40377.3663  0.3446 -4.2653 3   96.8082592  5899914041812 6 0    1811 7 1
   40419.7511  0.1611 -5.2629 3   17.1858 60  589991404 7 7 0 1     7 6 1 2
   40537.2600  0.1733 -4.7278 3  118.6637246  5899914042013 7 0    2012 8 0
   40559.5579  0.1201 -4.7853 3   35.0820 92  58999140411 6 5 1    11 5 6 2
   40597.6216  0.0892 -4.8321 3   26.4613114  589991404 9 8 1 1     9 7 2 1
   40724.7481  0.6691 -5.1424 3   96.6090 74  5899914041812 6 1    1811 7 1
   40774.3642  0.0889 -5.0831 3   22.7358102  589991404 8 8 0 0     8 7 1 0
   40830.6574  0.1675 -4.4629 3  106.8308390  5899914041912 7 0    1911 8 0
   40843.5769  0.1775 -4.7655 3   66.2083124  58999140415 9 6 1    15 8 7 2
   40880.4905  0.1419 -4.4388 3   52.9368270  5899914041310 3 0    13 9 4 0
   40918.1492  0.0651 -6.3004 3    3.1236 36  589991404 4 1 3 1     3 2 1 2
   40930.7314  0.0205 -5.2998 3    1.2509 30  589991404 2 2 0 0     1 1 1 0
   40969.9540  0.1095 -6.7227 3   25.2176304  589991404 9 7 3 0     9 5 4 1
   41010.4572  0.0558 -6.7100 3   30.1999368  58999140411 4 8 0    10 5 5 1
   41015.5865  0.5964 -5.4323 3   78.6048528  5899914041612 5 0    1611 5 1
   41132.3335  0.0982 -5.5374 3    1.3475 28  589991404 3 1 2 1     2 2 1 2
   41165.2420  0.0370 -6.7008 3    3.1421 70  589991404 3 3 0 0     3 0 3 0
   41206.9348  0.0875 -4.8529 3   22.7210170  589991404 8 8 1 0     8 7 2 0
   41276.9517  0.0322 -6.8024 3    0.0742 30  589991404 2 2 1 1     1 0 1 1
   41343.8764  0.0492 -4.6223 3   29.9174126  58999140410 7 4 1    10 6 5 1
   41455.7803  0.1970 -4.8745 3   31.7886 84  58999140410 8 2 1    10 7 3 2
   41476.5008  0.1813 -4.4164 3   69.1319310  5899914041511 4 0    1510 5 0
   41510.5281  0.1121 -4.6396 3   22.1227272  589991404 8 8 1 0     8 7 2 1
   41634.8257  0.2047 -6.0460 3   11.2594 52  589991404 6 5 1 1     6 4 3 2
   41646.2067  0.0453 -4.6188 3   37.4015138  58999140411 8 4 0    11 7 5 0
   41693.2738  0.3068 -4.2459 3  106.6716624  5899914041912 7 0    1911 8 1
   41696.6576  0.0812 -4.3922 3   26.9992304  589991404 9 8 1 0     9 7 2 1
   41802.1732  0.0403 -6.2151 3    6.7141176  589991404 5 3 3 0     4 4 0 1
   41839.1697  0.0178 -6.1276 3    3.6240144  589991404 4 1 3 0     3 2 1 1
   41873.5450  0.2124 -4.4276 3   87.5521350  5899914041712 5 0    1711 6 0
   41892.0363  0.0784 -6.5966 3   12.6270208  589991404 6 6 0 0     6 5 2 1
   41941.3911  0.2105 -5.2294 3   21.5464 68  589991404 8 8 1 1     8 7 2 2
   41971.7627  0.0396 -5.4472 3   15.0710240  589991404 7 5 2 0     7 4 4 1
   41985.8430  0.1002 -4.2543 3   44.3258400  58999140412 9 4 0    12 8 5 1
   41988.6784  0.0344 -5.7713 3    0.1388 10  589991404 2 2 0 1     1 1 1 1
   42050.3050  0.9276 -5.3571 3  143.9833720  5899914042215 8 0    2214 8 1
   42069.9025  0.0430 -6.2641 3    5.0196144  589991404 4 4 1 0     4 1 3 1
   42287.6347  2.0556 -6.6755 3  109.6865156  5899914041914 6 1    1913 6 2
   42317.2326  0.0183 -6.5778 3    3.6240144  589991404 4 2 3 0     3 2 1 1
   42431.2162  0.4346 -4.2831 3  118.5338656  5899914042013 7 0    2012 8 1
   42447.7646  0.0777 -4.6660 3   31.2964126  58999140410 8 3 1    10 7 4 1
   42509.7350  0.0835 -7.0829 3   13.6039240  589991404 7 3 4 0     6 6 1 1
   42510.0904  0.2478 -4.4620 3  108.1928390  5899914041913 6 0    1912 7 0
   42551.8878  0.5784 -4.8367 3  106.5460156  5899914041912 7 1    1911 8 2
   42560.6587  0.9967 -4.6568 3  106.4928234  5899914041912 7 1    1911 8 1
   42596.9685  0.1062 -5.0869 3   28.3489 42  58999140410 5 5 1    10 4 6 1
   42633.3272  0.7351 -5.1743 3   98.1550592  5899914041813 6 0    1812 6 1
   42739.5676  0.0530 -6.7552 3   48.9522464  58999140414 410 0    13 7 7 1
   42740.4209  0.2122 -4.8527 3   37.8223 92  58999140411 9 3 1    11 8 4 2
   42756.1019  0.0633 -5.1142 3   19.9653272  589991404 8 6 2 0     8 5 4 1
   42758.2849  0.0980 -4.2647 3   38.3267368  58999140411 9 3 0    11 8 4 1
   42798.0783  0.0367 -4.6183 3   29.1994126  58999140410 5 5 0    10 4 6 0
   42820.4189  0.0258 -6.4778 3    3.0845 54  589991404 4 2 3 1     3 2 1 1
   42874.2598  0.0718 -7.0939 3  108.4804688  58999140421 615 0    20 912 1
   42878.2099  0.0717 -7.0938 3  108.4803688  58999140421 715 0    20 812 1
   42879.7490  0.2185 -4.6827 3   38.3043138  58999140411 9 2 1    11 8 3 1
   42905.9054  0.0844 -5.2638 3   26.3791 38  589991404 9 8 2 1     9 7 3 1
   42943.3937  0.0320 -4.1831 3   28.7675336  58999140410 5 5 0    10 4 6 1
   43005.4631  0.8511 -5.1446 3  119.9491656  5899914042014 7 0    2013 7 1
   43009.1899  0.0317 -5.1945 3    0.6710 80  589991404 2 2 0 0     1 1 1 1
   43023.0201  0.0581 -6.9077 3   14.5324 90  589991404 7 5 2 1     7 3 4 1
   43061.2067  0.0539 -6.9501 3    5.1366 44  589991404 5 1 4 1     4 2 2 2
   43204.7101  0.2926 -7.0571 3    8.2941 44  589991404 5 5 0 1     5 4 2 2
   43254.5654  0.0305 -5.9785 3   10.7839208  589991404 6 4 2 0     6 3 4 1
   43296.8728  0.0639 -6.8857 3    2.0306 42  589991404 3 3 0 1     3 0 3 1
   43390.1500  0.2989 -4.7779 3   50.3765108  58999140413 9 5 1    13 8 6 2
   43411.1014  0.0554 -6.7404 3   48.9298464  58999140414 510 0    13 6 7 1
   43430.2672  1.0948 -5.1664 3  118.3900 82  5899914042013 7 1    2012 8 1
   43442.8478  0.0337 -6.8169 3   15.0219240  589991404 7 5 2 0     7 3 4 1
   43475.5424  0.2870 -4.7949 3   44.6670100  58999140412 9 3 1    12 8 4 2
   43478.0805  0.1820 -5.0233 3   57.1090 58  58999140414 8 6 1    14 7 7 1
   43513.3054  0.0212 -4.6214 3    3.1444 54  589991404 4 0 4 0     3 1 3 0
   43582.7094  0.0140 -4.1922 3    2.5748144  589991404 4 0 4 0     3 1 3 1
   43592.7841  0.0213 -4.3975 3    3.1421 90  589991404 4 1 4 0     3 0 3 0
   43595.8015  0.0974 -4.7660 3   28.3511 84  58999140410 5 5 1    10 4 6 2
   43610.4248  0.0543 -7.0015 3   10.2658 26  589991404 6 4 2 1     6 2 4 1
   43621.7403  0.0194 -5.0922 3    2.0342 18  589991404 4 0 4 1     3 1 3 1
   43630.5369  0.2622 -4.7556 3   42.4448100  58999140412 8 5 1    12 7 6 2
   43665.0660  0.0140 -4.1900 3    2.5724144  589991404 4 1 4 0     3 0 3 1
   43668.4059  0.0189 -4.7894 3    2.0249 36  589991404 4 0 4 1     3 1 3 2
   43684.3891  0.0237 -6.8761 3    5.6427176  589991404 5 1 4 0     4 2 2 1
   43696.5691  0.0280 -6.5815 3   10.7692208  589991404 6 4 2 0     6 2 4 1
   43703.6476  0.1056 -4.6114 3   22.5718272  589991404 8 8 0 0     8 7 1 1
   43714.6906  0.0189 -4.7877 3    2.0236 36  589991404 4 1 4 1     3 0 3 2
   43749.4350  0.0196 -4.6120 3    2.0306 54  589991404 4 1 4 1     3 0 3 1
   43767.0760  0.1164 -5.5086 3   21.9794 34  589991404 8 8 0 1     8 7 1 1
   43777.6454  0.0247 -6.9371 3    5.6427176  589991404 5 2 4 0     4 2 2 1
   43797.9205  0.3150 -4.5122 3  131.0466430  5899914042114 7 0    2113 8 0
   43846.6777  0.0796 -5.0528 3   36.6767 46  58999140411 8 4 1    11 7 5 1
   43902.4439  0.0639 -5.1720 3    1.2871 28  589991404 3 2 2 1     2 1 1 2
   43953.1271  0.1432 -4.1821 3   95.3420592  5899914041811 7 0    1810 8 1
   43975.0268  0.1769 -4.6124 3   95.5241222  5899914041811 7 0    1810 8 0
   43978.7426  1.0958 -4.8310 3   96.6638148  5899914041812 6 1    1811 7 2
   43981.8873  0.5012 -5.0797 3   95.1419 74  5899914041811 7 1    1810 8 1
   44081.4779  0.1007 -6.9739 3   49.2669290  58999140414 510 0    13 6 7 0
   44164.2789  0.1217 -5.0238 3   21.9658102  589991404 8 8 1 1     8 7 2 1
   44220.9926  0.0588 -6.9956 3   25.9260126  58999140410 3 7 0     9 6 4 0
   44241.3777  0.4465 -4.6126 3   52.3700162  5899914041310 3 1    13 9 4 1
   44272.3568  0.2324 -4.7766 3   95.1871148  5899914041811 7 1    1810 8 2
   44278.2060  0.7850 -4.7980 3   77.1044132  5899914041611 5 1    1610 6 2
   44294.0059  0.1035 -4.7833 3   33.4108126  58999140410 9 1 0    10 8 2 0
   44307.5788  0.0634 -4.1140 3   57.4166464  58999140414 8 6 0    14 7 7 1
   44341.2114  0.4817 -4.7782 3   59.7704116  5899914041410 4 1    14 9 5 2
   44410.4653  0.0552 -6.5406 3   25.4686336  58999140410 3 7 0     9 6 4 1
   44422.1968  0.0833 -4.6508 3   38.7907138  58999140411 9 3 0    11 8 4 0
   44464.7718  1.2297 -4.8679 3  118.4360164  5899914042013 7 1    2012 8 2
   44507.6952  0.1456 -6.6583 3    8.7911 52  589991404 6 3 4 1     5 4 1 2
   44547.8991  0.1368 -5.9874 3    3.6507 36  589991404 4 2 2 1     3 3 0 2
   44560.5981  0.1791 -4.9440 3   26.8065 76  589991404 9 8 1 1     9 7 2 2
   44576.6340  0.5432 -6.4458 3   70.5341496  5899914041512 4 0    1511 4 1
   44585.7542  0.1742 -4.7343 3   35.1046 92  58999140411 7 5 1    11 6 6 2
   44614.5231  0.0817 -4.5411 3   57.7204174  58999140414 8 6 0    14 7 7 0
   44661.9038  0.0331 -4.4166 3   23.1235190  589991404 9 4 5 0     9 3 6 0
   44734.9600  0.0192 -4.4996 3    1.8176112  589991404 3 2 2 0     2 1 1 1
   44752.1680  0.0922 -4.2390 3   38.7639368  58999140411 9 2 0    11 8 3 1
   44759.6335  0.0679 -4.3542 3   44.6996250  58999140412 9 4 0    12 8 5 0
   44785.7679  0.0208 -4.8986 3    2.3806 42  589991404 3 2 2 0     2 1 1 0
   44826.5842  0.1796 -4.7024 3   57.1312116  58999140414 8 6 1    14 7 7 2
   44873.9656  0.0650 -6.8454 3   20.7121114  589991404 9 3 6 1     8 6 3 1
   44895.8093  3.3952 -7.0336 3  246.5280944  589991404291911 0    291811 1
   44931.5998  0.7006 -4.5920 3   68.6616186  5899914041511 4 1    1510 5 1
   44935.8327  0.0385 -6.7086 3    2.5724112  589991404 3 3 0 0     3 0 3 1
   44969.2781  0.2615 -4.7523 3  142.5220270  5899914042214 8 0    2213 9 0
   44970.1217  0.1018 -6.7764 3   11.8033 60  589991404 7 3 5 1     6 4 2 2
   45035.9939  0.0258 -4.1986 3   22.6573304  589991404 9 4 5 0     9 3 6 1
   45067.6374  0.2481 -4.7663 3   58.8994116  5899914041410 5 1    14 9 6 2
   45096.0493  0.0834 -6.4513 3   15.3278 90  589991404 7 6 1 1     7 4 3 1
   45133.9995  0.0887 -4.6169 3   22.2089114  589991404 9 4 5 1     9 3 6 1
   45273.0363  0.0369 -6.4345 3    5.5736 54  589991404 4 4 0 0     4 1 3 0
   45326.6652  0.1138 -6.5703 3    7.5447 44  589991404 5 5 1 1     5 2 3 2
   45338.3985  0.8695 -4.6049 3   87.1773210  5899914041712 5 1    1711 6 1
   45370.2281  0.0305 -4.3542 3   29.2076210  58999140410 6 5 0    10 5 6 0
   45404.3548  0.0351 -4.5460 3   35.8870138  58999140411 7 5 0    11 6 6 0
   45479.2272  0.0979 -4.5407 3   33.3689210  58999140410 9 2 0    10 8 3 0
   45488.4568  0.0393 -4.1168 3   35.4924368  58999140411 7 5 0    11 6 6 1
   45519.7355  0.0197 -6.7999 3    2.1056112  589991404 3 2 1 0     2 2 0 1
   45523.9238  0.1130 -4.3336 3   32.8269336  58999140410 9 2 0    10 8 3 1
   45525.8971  0.0428 -6.5961 3    6.0936 22  589991404 5 3 3 1     4 4 0 1
   45554.7898  0.1116 -4.7382 3   28.3581 84  58999140410 6 5 1    10 5 6 2
   45579.1808  0.0747 -4.1155 3   42.8055400  58999140412 8 5 0    12 7 6 1
   45628.8024  0.0248 -5.3548 3    1.2696 14  589991404 3 2 2 1     2 1 1 1
   45637.6094  0.0824 -4.7823 3   22.2064 76  589991404 9 4 5 1     9 3 6 2
   45658.3426  0.0292 -4.6219 3   23.1257114  589991404 9 5 5 0     9 4 6 0
   45699.7140  0.0317 -6.6366 3    7.1029176  589991404 5 3 2 0     5 2 4 1
   45709.9384  0.0248 -4.1385 3   28.7771336  58999140410 6 5 0    10 5 6 1
   45722.9220  0.0713 -6.6727 3    6.5787 66  589991404 5 3 2 1     5 1 4 1
   45735.9811  0.0439 -6.9036 3   17.6423102  589991404 8 3 5 0     7 6 2 0
   45736.4246  0.0320 -4.7006 3   17.6423102  589991404 8 3 5 0     8 2 6 0
   45792.9704  0.0309 -6.7864 3    7.0998176  589991404 5 3 2 0     5 1 4 1
   45796.4904  0.1140 -6.1545 3   10.2757 52  589991404 6 4 2 1     6 3 4 2
   45828.7236  0.1584 -6.1323 3    0.1011 20  589991404 2 2 0 1     1 1 1 2
   45829.9219  0.1030 -6.6016 3   20.5939272  589991404 8 7 2 0     8 5 3 1
   45875.6923  0.2634 -4.7615 3   51.8238108  5899914041310 4 1    13 9 5 2
   45887.9350  0.1071 -5.0140 3   25.4686304  589991404 9 7 2 0     9 6 4 1
   45892.4883  0.8775 -4.6416 3  107.9124234  5899914041913 6 1    1912 7 1
   45952.3072  0.4941 -4.3150 3  142.4505720  5899914042214 8 0    2213 9 1
   46008.6607  0.1918 -7.0905 3   24.9782 84  58999140410 3 7 1     9 6 4 2
   46021.6949  0.1550 -7.0870 3   36.7915368  58999140411 8 4 0    11 6 5 1
   46022.8985  0.0429 -4.3020 3   43.1644250  58999140412 8 5 0    12 7 6 0
   46037.8931  0.2188 -4.9226 3   32.2914 84  58999140410 9 2 1    10 8 3 2
   46050.8477  0.0306 -4.4735 3   17.6427170  589991404 8 4 5 0     8 3 6 0
   46069.2535  0.4116 -4.5733 3  156.1042470  5899914042315 8 0    2314 9 0
   46118.7807  0.1238 -4.1362 3   50.7187432  58999140413 9 5 0    13 8 6 1
   46134.7896  0.0215 -4.1806 3   22.6598304  589991404 9 5 5 0     9 4 6 1
   46168.9122  0.1323 -5.8138 3   14.5798 60  589991404 7 5 2 1     7 4 4 2
   46269.4784  0.0240 -4.2579 3   17.1421272  589991404 8 3 5 0     8 2 6 1
   46332.7051  0.0347 -4.5998 3   12.7613150  589991404 7 2 5 0     7 1 6 0
   46368.9909  0.1835 -5.1725 3   22.4012 68  589991404 8 8 0 1     8 7 1 2
   46396.0609  0.0857 -4.7713 3   22.2082 76  589991404 9 5 5 1     9 4 6 2
   46410.1900  0.0345 -4.8203 3   12.7613 90  589991404 7 3 5 0     7 2 6 0
   46412.6370  0.1164 -4.1793 3   52.2571432  5899914041310 4 0    13 9 5 1
   46568.4177  0.0484 -4.5429 3   28.3640126  58999140410 6 5 1    10 5 6 1
   46571.6206  2.5966 -6.2091 3  132.5668172  5899914042115 7 1    2114 7 2
   46620.9831  0.0223 -4.2521 3   17.1426272  589991404 8 4 5 0     8 3 6 1
   46626.2808  1.0688 -4.9106 3  142.4049180  5899914042214 8 1    2213 9 2
   46664.3556  0.0412 -5.0699 3    8.4842 78  589991404 6 1 5 0     6 0 6 0
   46664.9312  0.1077 -5.6933 3   21.0152272  589991404 8 7 1 0     8 6 3 1
   46666.3416  0.0768 -5.1474 3   16.6634 34  589991404 8 3 5 1     8 2 6 1
   46677.8389  0.0412 -4.8478 3    8.4842130  589991404 6 2 5 0     6 1 6 0
   46703.8201  0.5683 -4.2947 3  130.9574688  5899914042114 7 0    2113 8 1
   46705.0263  0.1178 -4.7788 3   28.4738190  589991404 9 9 0 0     9 8 1 0
   46764.5086  0.4724 -4.2512 3  108.0624624  5899914041913 6 0    1912 7 1
   46771.6178  0.1387 -4.1797 3   52.7409432  5899914041310 3 0    13 9 4 1
   46788.5574  0.0519 -5.0657 3   22.2131 38  589991404 9 5 5 1     9 4 6 1
   46798.0932  0.0528 -4.9889 3   35.1157 46  58999140411 7 5 1    11 6 6 1
   46805.5132  0.0278 -6.0988 3    7.0837 66  589991404 5 3 3 0     4 4 0 0
   46858.7718  0.0603 -6.7765 3   72.0090560  58999140417 512 0    16 8 9 1
   46863.2936  0.0775 -4.8419 3   16.6584 68  589991404 8 3 5 1     8 2 6 2
   46882.3245  0.1168 -4.9975 3   28.4677114  589991404 9 9 1 0     9 8 2 0
   46960.3927  0.8951 -4.6964 3  130.8614258  5899914042114 7 1    2113 8 1
   46967.2452  0.0250 -4.3771 3   12.2286240  589991404 7 2 5 0     7 1 6 1
   46976.9870  0.0606 -6.7742 3   72.0051560  58999140417 612 0    16 7 9 1
   47022.0219  0.1323 -4.6374 3   46.2860150  5899914041210 2 0    12 9 3 0
   47032.3752  1.4606 -5.2036 3  142.3657 90  5899914042214 8 1    2213 9 1
   47054.5937  0.0245 -4.3756 3   12.2286240  589991404 7 3 5 0     7 2 6 1
   47097.6955  0.0782 -4.8386 3   16.6588 68  589991404 8 4 5 1     8 3 6 2
   47109.3476  0.0347 -5.3834 3    4.0713144  589991404 4 2 2 0     3 3 0 1
   47112.4437  0.0325 -6.1414 3   12.2267240  589991404 7 3 5 0     6 4 2 1
   47191.8739  0.0491 -6.6210 3   21.5493190  589991404 9 3 6 0     8 6 3 0
   47215.2740  0.0604 -4.6609 3   16.6643102  589991404 8 4 5 1     8 3 6 1
   47325.4167  0.1167 -4.5324 3   44.0612150  58999140412 9 4 1    12 8 5 1
   47342.0666  0.1106 -6.7036 3    6.5749 44  589991404 5 3 2 1     5 2 4 2
   47348.6120  0.1024 -5.0807 3   38.1393 46  58999140411 9 3 1    11 8 4 1
   47353.7830  0.2816 -4.4537 3  129.4670430  5899914042113 8 0    2112 9 0
   47354.0859  0.3537 -4.2154 3   87.3891560  5899914041712 5 0    1711 6 1
   47366.3741  0.0275 -4.6241 3    7.9213208  589991404 6 1 5 0     6 0 6 1
   47381.6592  0.0274 -4.6239 3    7.9213208  589991404 6 2 5 0     6 1 6 1
   47394.0604  0.2759 -4.5338 3   84.3197210  5899914041710 7 1    17 9 8 1
   47466.4258  0.2807 -4.2453 3  129.3741688  5899914042113 8 0    2112 9 1
   47468.9610  0.0551 -4.5047 3   51.0438162  58999140413 9 5 0    13 8 6 0
   47520.5884  0.0745 -4.7865 3   11.7206 90  589991404 7 2 5 1     7 1 6 1
   47530.8870  0.3646 -4.8444 3  129.3057172  5899914042113 8 1    2112 9 2
   47558.8996  0.1130 -5.2098 3   32.7501 42  58999140410 9 1 1    10 8 2 1
   47575.3964  0.2318 -4.1837 3   68.9472496  5899914041511 4 0    1510 5 1
   47588.5234  0.0770 -4.9608 3   11.7141 60  589991404 7 2 5 1     7 1 6 2
   47589.6863  0.1742 -4.4909 3   48.5966162  58999140413 7 6 1    13 6 7 1
   47591.9986  0.1512 -4.1554 3   59.2366464  5899914041410 5 0    14 9 6 1
   47598.9034  0.0782 -6.8897 3   22.5718304  589991404 9 4 5 0     8 7 1 1
   47602.8366  0.1495 -4.5568 3   27.8929304  589991404 9 9 1 0     9 8 2 1
   47644.6233  0.0771 -4.9601 3   11.7141 60  589991404 7 3 5 1     7 2 6 2
   47660.9663  0.0695 -5.2613 3   11.7207 30  589991404 7 3 5 1     7 2 6 1
   47668.2782  0.0547 -7.0091 3   11.7204 30  589991404 7 3 5 1     6 4 2 1
   47719.7963  0.0718 -4.4880 3   42.4695150  58999140412 8 5 1    12 7 6 1
   47751.1408  0.1043 -4.3078 3   33.2893336  58999140410 9 1 0    10 8 2 1
   47772.3965  0.1324 -7.0033 3   72.2518350  58999140417 512 0    16 8 9 0
   47861.3759  0.6676 -4.3554 3  156.0626752  5899914042315 8 0    2314 9 1
   47893.2604  0.9940 -4.6632 3  129.2638258  5899914042113 8 1    2112 9 1
   47997.2392  0.0476 -7.0969 3   15.8269240  589991404 7 6 1 0     7 4 3 1
   47998.0800  0.0784 -5.5093 3    7.3860 26  589991404 6 1 5 1     6 0 6 1
   48019.9943  0.2105 -4.7799 3   38.6108 92  58999140411 9 2 1    11 8 3 2
   48023.2321  0.0774 -5.0317 3    7.3861 78  589991404 6 2 5 1     6 1 6 1
   48027.3992  0.0782 -5.2073 3    7.3784 52  589991404 6 1 5 1     6 0 6 2
   48036.8519  0.0783 -5.2072 3    7.3784 52  589991404 6 2 5 1     6 1 6 2
   48112.7913  0.0659 -6.8879 3    4.4888 18  589991404 4 4 0 1     4 1 3 1
   48147.7338  0.0894 -4.1033 3   84.5374560  5899914041710 7 0    17 9 8 1
   48190.2628  0.0421 -6.5614 3   12.7020 90  589991404 7 3 5 0     6 4 2 0
   48214.4027  0.7316 -5.8380 3   88.9687560  5899914041713 5 0    1712 5 1
   48251.8456  0.2076 -6.1113 3    1.6298 28  589991404 3 3 1 1     2 2 0 2
   48276.5806  0.0499 -4.0594 3   48.9298432  58999140413 7 6 0    13 6 7 1
   48280.5313  0.2497 -5.1444 3   27.3419 76  589991404 9 9 1 1     9 8 2 2
   48317.5911  0.0323 -5.8902 3    9.1722208  589991404 6 3 4 0     5 4 1 1
   48373.8672  0.2502 -4.6976 3   84.3497140  5899914041710 7 1    17 9 8 2
   48409.1082  0.0587 -4.2673 3   49.2669270  58999140413 7 6 0    13 6 7 0
   48621.9748  0.1541 -4.3061 3   84.7437350  5899914041710 7 0    17 9 8 0
   48632.9855  0.0562 -6.0695 3    8.0511176  589991404 5 5 1 0     5 2 3 1
   48633.3256  0.1140 -4.7138 3   32.7124126  58999140410 9 2 1    10 8 3 1
   48800.7484  1.2730 -4.7651 3  156.0173282  5899914042315 8 1    2314 9 1
   48807.6867  0.0990 -4.5359 3   52.6272162  5899914041310 4 0    13 9 5 0
   48818.7734  0.1503 -4.6465 3   48.6064108  58999140413 7 6 1    13 6 7 2
   48895.9540  0.1799 -4.5705 3   61.3758174  5899914041411 3 0    1410 4 0
   48971.4390  0.0354 -5.8976 3    1.4510 42  589991404 3 2 1 1     2 2 1 1
   49077.1208  0.1198 -4.1794 3   45.7263400  5899914041210 3 0    12 9 4 1
   49143.8656  0.2068 -5.6912 3   19.4819 68  589991404 8 6 2 1     8 5 4 2
   49227.8406  0.0662 -6.4329 3   21.0152304  589991404 9 3 6 0     8 6 3 1
   49264.6139  0.2585 -6.2642 3   15.5425 60  589991404 7 6 1 1     7 5 3 2
   49314.9755  0.3112 -4.7177 3   68.0218124  5899914041511 5 1    1510 6 2
   49382.6221  2.1319 -6.0674 3  214.6774880  589991404271810 0    271710 1
   49389.1885  2.8646 -6.2773 3  214.7380220  589991404271810 1    271710 2
   49484.7166  0.0624 -6.5424 3   17.0348272  589991404 8 3 5 0     7 6 2 1
   49522.1993  0.1334 -4.5370 3   28.3901304  589991404 9 9 0 0     9 8 1 1
   49524.1070  0.1121 -4.9445 3   50.4303 54  58999140413 9 5 1    13 8 6 1
   49553.8924  0.5054 -4.6429 3  183.3555510  5899914042516 9 0    251510 0
   49557.6350  0.1078 -6.9003 3   42.4695162  58999140413 4 9 1    12 7 6 1
   49566.1593  2.9043 -5.9297 3  157.6948188  5899914042316 8 1    2315 8 2
   49584.4574  0.1144 -4.3744 3   46.1926250  5899914041210 3 0    12 9 4 0
   49594.2048  0.2542 -4.7674 3   45.2418100  5899914041210 3 1    12 9 4 2
   49643.6788  2.1007 -4.9480 3  156.0389188  5899914042315 8 1    2314 9 2
   49807.4719  0.1512 -6.4138 3   31.1655336  58999140410 8 3 0    10 6 4 1
   49902.1531  0.0757 -4.2641 3   59.5328290  5899914041410 5 0    14 9 6 0
   49947.4354  0.2410 -4.5567 3   78.6912198  5899914041612 4 0    1611 5 0
